"Name","Date release","Total downloads","Cumulative downloads"
"ggdemetra_0.1.0",2019-04-24,713,713
"ggdemetra_0.2.0",2019-06-19,1304,2017
"ggdemetra_0.2.1",2019-09-12,8215,10232
"ggdemetra_0.2.2",2020-12-02,11440,21672
"ggdemetra_0.2.3",2022-11-11,2320,23992
"ggdemetra_0.2.5",2023-04-25,4160,28152
"ggdemetra_0.2.6",2023-10-04,1876,30028
"ggdemetra_0.2.7",2024-01-23,613,30641
"ggdemetra_0.2.8",2024-02-04,5844,36485
